image: factory_0.05.pgm
resolution: 0.050000
origin: [-25.124048, -25.087759, 0.000000]
negate: 0
occupied_thresh: 0.65
free_thresh: 0.196

