image: map.pgm
resolution: 0.020000
origin: [-24.920320, -25.099220, 0.000000]
negate: 0
occupied_thresh: 0.65
free_thresh: 0.196

