image: kaiwuyuan_workshop.pgm
resolution: 0.050000
origin: [-27.537597, -10.285509, 0.000000]
negate: 0
occupied_thresh: 0.65
free_thresh: 0.196

